4294967279,363
4294967278,279
4294967279,362
4294967278,184
4294967279,522
4294967278,386
4294967279,546
4294967278,337
4294967278,427
4294967279,164
4294967279,514
4294967278,410
4294967279,513
4294967278,292
4294967279,339
4294967278,135
4294967278,288
4294967278,287
4294967279,279
4294967278,274
4294967279,283
4294967278,273
4294967278,268
4294967278,267
4294967294,1094
4294967294,170
4294967278,266
4294967279,349
4294967278,430
4294967278,420
4294967278,431
4294967278,174
4294967278,88
4294967279,354
4294967279,129
4294967279,252
4294967279,128
4294967279,126
4294967279,530
4294967279,114
4294967279,106
4294967279,102
4294967279,306
4294967279,326
4294967279,296
4294967279,288
4294967279,2
4294967279,383
4294967279,315
4294967278,322
4294967279,314
4294967279,312
4294967279,366
4294967278,253
4294967278,250
4294967279,248
4294967278,248
4294967279,243
4294967279,241
4294967279,239
4294967294,409
4294967294,407
4294967294,147
4294967294,179
4294967294,148
4294967294,415
4294967294,183
4294967294,184
4294967294,112
4294967294,448
4294967294,119
4294967279,237
346,6
4294967279,111
4294967279,231
4294967278,234
4294967279,353
4294967278,232
346,5
4294967279,382
4294967279,103
4294967278,400
4294967278,222
4294967279,219
4294967279,215
346,4
4294967279,217
346,3
346,2
346,1
4294967279,345
4294967278,216
4294967294,1414
4294967278,211
4294967279,211
4294967279,322
4294967279,527
4294967278,290
4294967278,275
4294967279,305
4294967278,362
4294967278,200
344,6
344,5
344,4
344,3
344,2
344,1
4294967278,311
4294967278,196
4294967279,195
4294967278,388
4294967279,189
4294967278,187
4294967279,182
4294967278,381
4294967279,181
341,5
341,4
341,3
341,2
341,1
4294967278,428
4294967278,175
4294967279,175
4294967278,173
4294967279,173
4294967279,381
4294967278,172
4294967279,172
4294967278,171
4294967279,570
4294967278,272
4294967279,292
4294967278,405
4294967279,380
4294967278,271
4294967279,520
339,6
4294967279,163
339,5
4294967278,162
339,4
4294967279,162
339,3
339,2
339,1
4294967278,161
4294967279,344
4294967279,568
4294967279,379
4294967279,152
4294967279,149
4294967279,146
4294967278,259
4294967278,351
4294967279,564
4294967278,447
4294967279,378
4294967279,323
336,6
336,5
336,4
336,3
336,2
336,1
4294967278,404
4294967279,342
4294967279,338
4294967278,446
4294967279,377
4294967278,280
4294967279,355
4294967278,263
4294967279,376
4294967278,326
4294967279,254
4294967278,257
333,6
333,5
333,4
333,3
333,2
333,1
4294967279,375
4294967278,401
4294967278,242
4294967279,112
330,4
330,3
330,2
330,1
4294967278,445
4294967294,1418
4294967279,101
4294967294,178
4294967294,414
4294967294,168
4294967294,403
4294967294,455
4294967294,402
4294967294,418
4294967279,308
4294967279,230
4294967278,229
4294967279,109
4294967279,228
4294967278,227
4294967279,224
4294967278,220
4294967278,218
329,6
329,5
329,4
329,3
329,2
329,1
4294967279,100
4294967278,315
4294967279,98
4294967279,303
4294967279,199
326,4
326,3
326,2
326,1
4294967279,321
4294967294,393
4294967294,114
4294967279,320
4294967279,327
325,6
4294967278,371
325,5
325,4
325,3
325,2
325,1
4294967278,307
4294967279,336
324,5
4294967279,183
324,4
324,3
324,2
324,1
4294967279,334
4294967278,444
4294967294,424
4294967279,297
4294967278,304
4294967278,338
323,5
323,4
323,3
323,2
323,1
4294967278,336
4294967294,392
4294967278,377
4294967279,160
321,4
321,3
321,2
321,1
4294967294,471
4294967278,297
4294967279,350
4294967278,376
4294967279,325
4294967279,566
4294967278,394
4294967279,565
4294967278,368
4294967294,389
4294967294,44
4294967278,406
4294967279,346
4294967294,40
4294967294,37
4294967278,402
4294967279,516
4294967278,422
4294967279,542
4294967294,1416
4294967294,399
4294967294,444
4294967294,175
4294967294,450
4294967294,111
4294967294,408
4294967278,421
4294967294,150
4294967294,128
4294967294,419
4294967294,427
4294967278,132
4294967278,129
4294967278,127
4294967278,126
4294967278,125
4294967278,124
4294967278,122
4294967278,121
4294967278,115
4294967278,109
4294967278,108
4294967278,107
4294967278,106
4294967278,105
4294967278,104
4294967278,99
4294967278,97
4294967278,96
4294967278,95
4294967278,94
4294967278,93
4294967278,87
4294967278,80
4294967278,79
4294967278,78
4294967278,73
4294967278,69
4294967278,65
4294967278,64
4294967278,63
4294967278,59
4294967278,57
4294967278,56
4294967278,55
4294967278,54
4294967278,53
4294967278,52
4294967278,49
4294967278,47
4294967278,46
4294967278,45
4294967278,44
4294967278,43
4294967279,554
4294967279,133
4294967279,271
4294967279,284
4294967279,277
4294967278,414
4294967279,337
4294967279,263
4294967279,262
4294967279,257
4294967279,281
4294967278,403
4294967279,253
4294967278,258
4294967278,42
4294967278,41
4294967278,40
4294967278,39
4294967278,38
4294967278,37
4294967278,36
4294967278,35
4294967278,34
4294967278,33
4294967278,32
4294967278,31
4294967278,30
4294967278,29
4294967278,28
4294967278,27
4294967278,26
4294967278,25
4294967278,24
4294967278,23
4294967278,22
4294967278,21
4294967278,20
4294967278,19
4294967278,18
4294967278,17
4294967278,16
4294967278,15
4294967278,14
4294967278,13
4294967278,12
4294967278,11
4294967278,10
4294967278,9
4294967278,8
4294967278,7
4294967278,6
4294967278,5
4294967278,4
4294967279,132
4294967279,131
4294967279,130
4294967279,85
4294967279,84
4294967279,83
4294967279,81
4294967279,80
4294967279,79
4294967279,77
4294967279,72
4294967279,71
4294967279,70
4294967279,68
4294967279,67
4294967279,65
4294967279,63
4294967279,58
4294967279,57
4294967279,56
4294967279,55
4294967279,49
4294967279,47
4294967279,45
4294967279,42
4294967279,41
4294967279,40
4294967279,35
4294967279,33
4294967279,31
4294967279,30
4294967279,29
4294967279,28
4294967279,25
4294967279,23
4294967279,22
4294967279,20
4294967279,19
4294967279,18
4294967279,17
4294967279,533
4294967279,575
4294967278,364
4294967278,363
4294967279,316
4294967278,344
4294967294,143
4294967294,142
4294967294,140
4294967294,139
4294967294,134
4294967294,1018
4294967294,992
4294967294,990
4294967294,989
4294967294,988
4294967294,987
4294967294,60
4294967278,321
4294967278,393
4294967278,251
4294967278,247
4294967279,364
4294967278,131
4294967278,130
4294967278,128
